QGC WPL 110
0   0   3   16   0.000000   0.000000   0.000000   0.000000   40.414929   -86.932387   100.000000   1
1   0   3   22   20.000000  0.000000   0.000000   0.000000   40.414929   -86.932387   100.000000   1
2   0   3   16   0.000000   0.000000   0.000000   0.000000   40.416729   -86.932387   100.000000   1
3   0   3   16   0.000000   0.000000   0.000000   0.000000   40.416129   -86.929887   100.000000   1
4   0   3   16   0.000000   0.000000   0.000000   0.000000   40.414929   -86.929387   100.000000   1
5   0   3   16   0.000000   0.000000   0.000000   0.000000   40.413729   -86.929887   100.000000   1
6   0   3   16   0.000000   0.000000   0.000000   0.000000   40.413129   -86.932387   100.000000   1
7   0   3   16   0.000000   0.000000   0.000000   0.000000   40.413729   -86.934887   100.000000   1
8   0   3   16   0.000000   0.000000   0.000000   0.000000   40.414929   -86.935387   100.000000   1
9   0   3   16   0.000000   0.000000   0.000000   0.000000   40.416129   -86.934887   100.000000   1
10  0   3   16   0.000000   0.000000   0.000000   0.000000   40.416729   -86.932387   100.000000   1
11  0   3   16   0.000000   0.000000   0.000000   0.000000   40.417000   -86.931000   100.000000   1
